4 0.24921875 0.1701388888888889 0.109375 0.11527777777777778
3 0.258203125 0.24027777777777778 0.01015625 0.022222222222222223
1 0.28515625 0.2569444444444444 0.04375 0.022222222222222223
0 0.266015625 0.31805555555555554 0.01328125 0.12777777777777777
1 0.143359375 0.16180555555555556 0.10234375 0.03194444444444444
0 0.072265625 0.09513888888888888 0.03515625 0.09305555555555556
2 0.19375 0.4513888888888889 0.11875 0.16111111111111112
3 0.241015625 0.3958333333333333 0.01328125 0.044444444444444446
3 0.1515625 0.4444444444444444 0.0140625 0.04722222222222222
1 0.15 0.35555555555555557 0.1859375 0.027777777777777776
0 0.046875 0.44166666666666665 0.0265625 0.10833333333333334
1 0.0203125 0.4111111111111111 0.0390625 0.019444444444444445
1 0.305859375 0.5756944444444444 0.18828125 0.10138888888888889