0 0.13359375 0.05763888888888889 0.0109375 0.043055555555555555
1 0.228125 0.17222222222222222 0.0984375 0.03611111111111111
0 0.159375 0.11944444444444445 0.0328125 0.058333333333333334
4 0.3328125 0.18125 0.13125 0.12361111111111112
3 0.351953125 0.25069444444444444 0.01484375 0.02638888888888889
1 0.37890625 0.27847222222222223 0.0375 0.0125
0 0.373828125 0.33541666666666664 0.03046875 0.1125
1 0.276953125 0.36666666666666664 0.21328125 0.044444444444444446
3 0.3578125 0.4111111111111111 0.01875 0.04722222222222222
3 0.273828125 0.45625 0.01328125 0.04583333333333333
2 0.31875 0.4736111111111111 0.1078125 0.16944444444444445
0 0.16953125 0.44722222222222224 0.0078125 0.11388888888888889
1 0.0859375 0.4111111111111111 0.15 0.030555555555555555