4 0.21640625 0.2388888888888889 0.140625 0.18055555555555555
0 0.01640625 0.16180555555555556 0.0265625 0.10138888888888889
1 0.087109375 0.23194444444444445 0.12578125 0.03333333333333333
3 0.2234375 0.3402777777777778 0.0125 0.03611111111111111
1 0.258984375 0.36875 0.06171875 0.020833333333333332
0 0.225 0.4722222222222222 0.0078125 0.19722222222222222
1 0.11171875 0.5576388888888889 0.221875 0.043055555555555555
3 0.182421875 0.61875 0.01953125 0.08194444444444444
3 0.041796875 0.6979166666666666 0.01796875 0.02638888888888889
2 0.11953125 0.6402777777777777 0.1703125 0.13333333333333333
4 0.09296875 0.00625 0.05625 0.009722222222222222
0 0.146484375 0.10833333333333334 0.00546875 0.05277777777777778