0 0.14375 0.06180555555555556 0.0109375 0.04861111111111111
0 0.172265625 0.12708333333333333 0.04296875 0.05694444444444444
1 0.248046875 0.1736111111111111 0.09921875 0.03888888888888889
4 0.342578125 0.18055555555555555 0.11484375 0.125
3 0.373046875 0.2569444444444444 0.01484375 0.025
0 0.391015625 0.3125 0.01796875 0.07777777777777778
1 0.3 0.37777777777777777 0.1984375 0.06111111111111111
3 0.384375 0.4152777777777778 0.0203125 0.04722222222222222
3 0.305078125 0.4576388888888889 0.01640625 0.04027777777777778
2 0.344921875 0.4756944444444444 0.10390625 0.17083333333333334
0 0.1984375 0.44166666666666665 0.00625 0.1
1 0.11875 0.4131944444444444 0.1421875 0.02638888888888889