4 0.253515625 0.2125 0.13203125 0.15
3 0.263671875 0.29097222222222224 0.01171875 0.03194444444444444
1 0.3 0.3159722222222222 0.0515625 0.018055555555555554
0 0.275 0.3951388888888889 0.0171875 0.15138888888888888
1 0.135546875 0.46944444444444444 0.26796875 0.041666666666666664
3 0.2484375 0.5090277777777777 0.0203125 0.06805555555555555
3 0.139453125 0.5930555555555556 0.01640625 0.06111111111111111
2 0.1953125 0.5965277777777778 0.1296875 0.2125
0 0.01328125 0.5708333333333333 0.025 0.08888888888888889
0 0.041015625 0.08888888888888889 0.01640625 0.05
0 0.05859375 0.15902777777777777 0.040625 0.07361111111111111
1 0.137109375 0.20972222222222223 0.10859375 0.03888888888888889
0 0.175 0.09652777777777778 0.0046875 0.04861111111111111