0 0.077734375 0.07916666666666666 0.01484375 0.05555555555555555
0 0.09921875 0.15347222222222223 0.0421875 0.07083333333333333
1 0.180859375 0.2013888888888889 0.11328125 0.027777777777777776
4 0.29609375 0.19930555555555557 0.1421875 0.14027777777777778
3 0.316015625 0.2798611111111111 0.01484375 0.03194444444444444
1 0.35 0.2965277777777778 0.0546875 0.029166666666666667
0 0.336328125 0.3819444444444444 0.03515625 0.14444444444444443
1 0.219921875 0.4486111111111111 0.25234375 0.03333333333333333
3 0.319921875 0.49027777777777776 0.02421875 0.06666666666666667
3 0.22109375 0.5673611111111111 0.01875 0.0625
2 0.2734375 0.5916666666666667 0.14375 0.2388888888888889
1 0.340234375 0.6895833333333333 0.08671875 0.043055555555555555
0 0.0984375 0.5673611111111111 0.0296875 0.17916666666666667
1 0.04140625 0.55 0.08125 0.041666666666666664
0 0.209375 0.09305555555555556 0.00625 0.03888888888888889