0 0.109765625 0.06111111111111111 0.01171875 0.05277777777777778
0 0.133984375 0.12638888888888888 0.03515625 0.06388888888888888
1 0.204296875 0.17152777777777778 0.09921875 0.0375
4 0.3109375 0.18263888888888888 0.1296875 0.12638888888888888
3 0.326171875 0.25277777777777777 0.01484375 0.027777777777777776
1 0.357421875 0.2763888888888889 0.04765625 0.016666666666666666
0 0.34375 0.33611111111111114 0.0203125 0.11388888888888889
1 0.247265625 0.3763888888888889 0.21171875 0.05555555555555555
3 0.326171875 0.41805555555555557 0.01796875 0.044444444444444446
3 0.23984375 0.4618055555555556 0.0125 0.043055555555555555
2 0.28203125 0.47152777777777777 0.1078125 0.15694444444444444
0 0.354296875 0.5826388888888889 0.08984375 0.059722222222222225
0 0.1359375 0.43819444444444444 0.01875 0.1125
1 0.069140625 0.42430555555555555 0.11015625 0.03194444444444444