4 0.29140625 0.17916666666666667 0.121875 0.11666666666666667
1 0.181640625 0.17291666666666666 0.10546875 0.034722222222222224
0 0.1125 0.11458333333333333 0.04375 0.05694444444444444
0 0.095703125 0.06041666666666667 0.01484375 0.04861111111111111
3 0.303125 0.2513888888888889 0.0125 0.027777777777777776
1 0.334765625 0.2708333333333333 0.04609375 0.016666666666666666
0 0.31953125 0.3368055555555556 0.0203125 0.12361111111111112
1 0.216796875 0.3770833333333333 0.20390625 0.04861111111111111
0 0.10546875 0.44513888888888886 0.01875 0.1125
1 0.04609375 0.42777777777777776 0.090625 0.03333333333333333
3 0.21015625 0.46319444444444446 0.0125 0.04861111111111111
2 0.252734375 0.4652777777777778 0.11015625 0.14166666666666666
3 0.29765625 0.41805555555555557 0.0171875 0.05555555555555555
0 0.336328125 0.5993055555555555 0.12578125 0.09861111111111111